trainer_type: XLAArcTrainer

start_lr: 0.00025
end_lr: 0.000025

bs: 512
mini_bs: 2

beta1: 0.9
beta2: 0.95
eps: 0.00000001
weight_decay: 0.1

warmup_steps: 500
lr_steps: 500000

checkpoint_interval: 2500

w_arc: 1.0
