trainer_type: XLAArcTrainer

start_lr: 0.0006
end_lr: 0.00006

bs: 512
mini_bs: 8

beta1: 0.9
beta2: 0.95
eps: 0.00000001
weight_decay: 0.1

warmup_steps: 500
lr_steps: 500000

checkpoint_interval: 5000

w_arc: 0.0
