trainer_type: XLALMTrainer

start_lr: 0.00006

bs: 512
mini_bs: 16

beta1: 0.9
beta2: 0.95
eps: 0.00000001
weight_decay: 0.1

warmup_steps: 500
lr_steps: null

checkpoint_interval: 2000

start_seq_ind: 51200000
checkpoint: Arc-packed_mini-lm/000000100000
