trainer_type: XLAArcTrainer

start_lr: 0.0002
end_lr: 0.00002

bs: 1024
mini_bs: 8

beta1: 0.9
beta2: 0.95
eps: 0.00000001
weight_decay: 0.1

warmup_steps: 250
lr_steps: 250000

checkpoint_interval: 1000

w_arc: 1.0
